1.3862943611198906 -6.907755278982137
1.3862943611198906 -6.214608098422191
1.3862943611198906 -5.521460917862246
1.3862943611198906 -4.8283137373023015
2.0794415416798357 -4.135166556742356
2.9444389791664403 -3.4420193761824103
3.912023005428146 -2.7488721956224653
4.882801922586371 -2.05572501506252
5.834810737062605 -1.3625778345025745
6.745236349484363 -0.6694306539426292
7.56734567601324 0.023716526617316065
8.282483003730562 0.7168637071772613
8.859363449152088 1.4100108877372066
9.217415285648144 2.103158068297152
9.401043372798053 2.7963052488570974
9.514510761932765 3.489452429417043
9.588365764325566 4.182599609976988
9.615205300012315 4.875746790536933
9.615805480084347 5.568893971096879
9.615805480084347 6.262041151656824
9.615805480084347 6.955188332216769
9.615805480084347 7.648335512776715
9.615805480084347 8.34148269333666
9.615805480084347 9.034629873896606
9.615805480084347 9.727777054456551
1.3862943611198906 -6.907755278982137
1.3862943611198906 -6.214608098422191
1.3862943611198906 -5.521460917862246
1.3862943611198906 -4.8283137373023015
2.0794415416798357 -4.135166556742356
2.995732273553991 -3.4420193761824103
3.9889840465642745 -2.7488721956224653
5.308267697401205 -2.05572501506252
6.590301048196686 -1.3625778345025745
7.851271997109883 -0.6694306539426292
9.115590035430372 0.023716526617316065
10.294718500616467 0.7168637071772613
11.27057360971472 1.4100108877372066
11.88709252589351 2.103158068297152
12.108735412641217 2.7963052488570974
12.170668240998712 3.489452429417043
12.192977274217933 4.182599609976988
12.201768395522317 4.875746790536933
12.20471672668756 5.568893971096879
12.205942637079442 6.262041151656824
12.206072645530174 6.955188332216769
12.206072645530174 7.648335512776715
12.206072645530174 8.34148269333666
12.206072645530174 9.034629873896606
