1.9459101490553132 -6.907755278982137
1.9459101490553132 -6.214608098422191
1.9459101490553132 -5.521460917862246
1.9459101490553132 -4.8283137373023015
1.9459101490553132 -4.135166556742356
2.0794415416798357 -3.4420193761824103
3.7612001156935624 -2.7488721956224653
4.736198448394496 -2.05572501506252
5.627621113690637 -1.3625778345025745
6.4692503167957724 -0.6694306539426292
7.20934025660291 0.023716526617316065
7.918264686095274 0.7168637071772613
8.504310565585223 1.4100108877372066
8.916371914881694 2.103158068297152
9.147720009994515 2.7963052488570974
9.301277366968284 3.489452429417043
9.405249044275608 4.182599609976988
9.452501929126154 4.875746790536933
9.46923709299621 5.568893971096879
9.475623449484484 6.262041151656824
9.477232830220407 6.955188332216769
9.477309402830421 7.648335512776715
9.477309402830421 8.34148269333666
9.477309402830421 9.034629873896606
9.477309402830421 9.727777054456551
9.477309402830421 10.420924235016496
9.477309402830421 11.114071415576442
9.477309402830421 11.807218596136387
9.477309402830421 12.50036577669633
9.477309402830421 13.193512957256276
9.477309402830421 13.886660137816222
9.477309402830421 14.579807318376167
9.477309402830421 15.272954498936112
9.477309402830421 15.966101679496058
9.477309402830421 16.659248860056003
9.477309402830421 17.35239604061595
9.477309402830421 18.045543221175894
9.477309402830421 18.73869040173584
9.477309402830421 19.431837582295785
9.477309402830421 20.12498476285573
9.477309402830421 20.818131943415676
9.477309402830421 21.51127912397562
9.477309402830421 22.204426304535566
9.477309402830421 22.89757348509551
9.477309402830421 23.590720665655457
9.477309402830421 24.2838678462154
9.477309402830421 24.977015026775348
9.477309402830421 25.67016220733529
9.477309402830421 26.36330938789524
9.477309402830421 27.056456568455182
9.477309402830421 27.74960374901513
9.477309402830421 28.442750929575073
9.477309402830421 29.13589811013502
9.477309402830421 29.829045290694964
9.477309402830421 30.52219247125491
9.477309402830421 31.215339651814855
9.477309402830421 31.908486832374802
9.477309402830421 32.601634012934745
9.477309402830421 33.29478119349469
9.477309402830421 33.98792837405463
9.477309402830421 34.68107555461458
9.477309402830421 35.37422273517453
9.477309402830421 36.067369915734474
9.477309402830421 36.760517096294414
9.477309402830421 37.45366427685436
9.477309402830421 38.14681145741431
9.477309402830421 38.839958637974256
9.477309402830421 39.533105818534196
9.477309402830421 40.22625299909414
9.477309402830421 40.91940017965409
9.477309402830421 41.61254736021404
9.477309402830421 42.30569454077398
9.477309402830421 42.998841721333925
9.477309402830421 43.69198890189387
9.477309402830421 44.38513608245382
9.477309402830421 45.07828326301376
9.477309402830421 45.771430443573706
