1.3862943611198906 -6.907755278982137
1.3862943611198906 -6.214608098422191
1.3862943611198906 -5.521460917862246
1.3862943611198906 -4.8283137373023015
2.0794415416798357 -4.135166556742356
2.995732273553991 -3.4420193761824103
3.9889840465642745 -2.7488721956224653
5.278114659230517 -2.05572501506252
6.511745329644728 -1.3625778345025745
7.760893195851024 -0.6694306539426292
9.003439196207838 0.023716526617316065
10.095057874011232 0.7168637071772613
10.888856485589885 1.4100108877372066
11.317883343766894 2.103158068297152
11.443468199955007 2.7963052488570974
11.485307577933556 3.489452429417043
11.506263322096679 4.182599609976988
11.512805457769652 4.875746790536933
11.512925464970229 5.568893971096879
11.512925464970229 6.262041151656824
11.512925464970229 6.955188332216769
11.512925464970229 7.648335512776715
11.512925464970229 8.34148269333666
11.512925464970229 9.034629873896606
11.512925464970229 9.727777054456551
