1.3862943611198906 -6.907755278982137
1.3862943611198906 -6.214608098422191
1.3862943611198906 -5.521460917862246
1.3862943611198906 -4.8283137373023015
2.0794415416798357 -4.135166556742356
2.995732273553991 -3.4420193761824103
3.9889840465642745 -2.7488721956224653
5.267858159063328 -2.05572501506252
6.453624998892692 -1.3625778345025745
7.641084249174914 -0.6694306539426292
8.750524669117937 0.023716526617316065
9.669662152875057 0.7168637071772613
10.299878279368585 1.4100108877372066
10.637464727584328 2.103158068297152
10.73591830019846 2.7963052488570974
10.779414518220722 3.489452429417043
10.809970343419197 4.182599609976988
10.819578264407616 4.875746790536933
10.819778284410283 5.568893971096879
10.819778284410283 6.262041151656824
10.819778284410283 6.955188332216769
10.819778284410283 7.648335512776715
10.819778284410283 8.34148269333666
10.819778284410283 9.034629873896606
10.819778284410283 9.727777054456551
10.819778284410283 10.420924235016496
