0 -7.323957
1 -7.323937
2 -7.323855
3 -7.323712
4 -7.323508
5 -7.323244
6 -7.322921
7 -7.322540
8 -7.322103
9 -7.321612
10 -7.321068
11 -7.320473
12 -7.319830
13 -7.319141
14 -7.318408
15 -7.317633 
16 -7.316817
17 -7.315962
18 -7.315071
19 -7.314145
20 -7.313185
21 -7.312192
22 -7.311167
23 -7.310113
24 -7.309029
25 -7.307917
26 -7.306778
27 -7.305612
28 -7.304421
29 -7.303206
30 -7.301967
31 -7.300705
32 -7.299422
33 -7.298118
34 -7.296795
35 -7.295452
36 -7.294092
37 -7.292715
38 -7.291323
39 -7.289915
40 -7.288495
41 -7.287062
42 -7.285618
43 -7.284164
44 -7.282701
45 -7.281232
46 -7.279756
47 -7.278275
48 -7.276791
49 -7.275305
50 -7.273819
51 -7.272333
52 -7.270850
53 -7.269371
54 -7.267898
55 -7.266432
56 -7.264974
57 -7.263526
58 -7.262090
59 -7.260666
60 -7.259257
61 -7.257863
62 -7.256486
63 -7.255128
64 -7.253788
65 -7.252470
66 -7.251172
67 -7.249898
68 -7.248647
69 -7.247420
70 -7.246218
71 -7.245042
72 -7.243893
73 -7.242770
74 -7.241676
75 -7.240609
76 -7.239570
77 -7.238560
78 -7.237579
79 -7.236627
80 -7.235703
81 -7.234807
82 -7.233939
83 -7.233099
84 -7.232285
85 -7.231498
86 -7.230735
87 -7.229995
88 -7.229277
89 -7.228580
90 -7.227902
91 -7.227242
92 -7.226597
93 -7.225967
94 -7.225349
95 -7.224743
96 -7.224148
97 -7.223563
98 -7.222986
99 -7.222418
100 -7.221858
101 -7.221306
102 -7.220761
103 -7.220224
104 -7.219694
105 -7.219171
106 -7.218656
107 -7.218149
108 -7.217649
109 -7.217158
110 -7.216675
111 -7.216200
112 -7.215734
113 -7.215277
114 -7.214830
115 -7.214391
116 -7.213963
117 -7.213544
118 -7.213135
119 -7.212737
120 -7.212348
121 -7.211970
122 -7.211602
123 -7.211245
124 -7.210898
125 -7.210562
126 -7.210236
127 -7.209921
128 -7.209616
129 -7.209321
130 -7.209037
131 -7.208763
132 -7.208499
133 -7.208244
134 -7.207999
135 -7.207763
136 -7.207537
137 -7.207319
138 -7.207110
139 -7.206910
140 -7.206717
141 -7.206532
142 -7.206354
143 -7.206183
144 -7.206019
145 -7.205861
146 -7.205708
147 -7.205562
148 -7.205420
149 -7.205284
150 -7.205151
151 -7.205023
152 -7.204899
153 -7.204779
154 -7.204663
155 -7.204549
156 -7.204440
157 -7.204333
158 -7.204230
159 -7.204130
160 -7.204032
161 -7.203937
162 -7.203844
163 -7.203753
164 -7.203663
165 -7.203573
166 -7.203484
167 -7.203393
168 -7.203302
169 -7.203207
170 -7.203110
171 -7.203009
172 -7.202904
173 -7.202793
174 -7.202675
175 -7.202551
176 -7.202419
177 -7.202278
178 -7.202129
179 -7.201969
180 -7.201799
181 -7.201617
182 -7.201423
183 -7.201216
184 -7.200996
185 -7.200762
186 -7.200513
187 -7.200249
188 -7.199969
189 -7.199672
190 -7.199359
191 -7.199028
192 -7.198679
193 -7.198312
194 -7.197927
195 -7.197522
196 -7.197097
197 -7.196653
198 -7.196189
199 -7.195705
200 -7.195201
0 -6.707835
1 -6.707764
2 -6.707618
3 -6.707397
4 -6.707104
5 -6.706738
6 -6.706302
7 -6.705796
8 -6.705223
9 -6.704582
10 -6.703877
11 -6.703109
12 -6.702279
13 -6.701389
14 -6.700442
15 -6.699439
16 -6.698381
17 -6.697272
18 -6.696113
19 -6.694906
20 -6.693653
21 -6.692356
22 -6.691018
23 -6.689640
24 -6.688224
25 -6.686773
26 -6.685289
27 -6.683775
28 -6.682232
29 -6.680664
30 -6.679072
31 -6.677460
32 -6.675830
33 -6.674185
34 -6.672527
35 -6.670860
36 -6.669187
37 -6.667509
38 -6.665830
39 -6.664151
40 -6.662476
41 -6.660806
42 -6.659143
43 -6.657489
44 -6.655847
45 -6.654217
46 -6.652601
47 -6.651000
48 -6.649417
49 -6.647852
50 -6.646306
51 -6.644781
52 -6.643278
53 -6.641797
54 -6.640339
55 -6.638905
56 -6.637496
57 -6.636112
58 -6.634753
59 -6.633420
60 -6.632112
61 -6.630830
62 -6.629572
63 -6.628339
64 -6.627130
65 -6.625944
66 -6.624781
67 -6.623640
68 -6.622520
69 -6.621421
70 -6.620342
71 -6.619282
72 -6.618242
73 -6.617221
74 -6.616217
75 -6.615233
76 -6.614266
77 -6.613317
78 -6.612385
79 -6.611471
80 -6.610575
81 -6.609695
82 -6.608833
83 -6.607987
84 -6.607158
85 -6.606346
86 -6.605550
87 -6.604770
88 -6.604007
89 -6.603259
90 -6.602527
91 -6.601811
92 -6.601110
93 -6.600424
94 -6.599753
95 -6.599097
96 -6.598455
97 -6.597827
98 -6.597213
99 -6.596611
100 -6.596023
101 -6.595448
102 -6.594884
103 -6.594332
104 -6.593792
105 -6.593262
106 -6.592741
107 -6.592231
108 -6.591729
109 -6.591236
110 -6.590751
111 -6.590273
112 -6.589802
113 -6.589337
114 -6.588878
115 -6.588425
116 -6.587977
117 -6.587534
118 -6.587095
119 -6.586661
120 -6.586231
121 -6.585804
122 -6.585382
123 -6.584962
124 -6.584546
125 -6.584134
126 -6.583724
127 -6.583316
128 -6.582912
129 -6.582510
130 -6.582112
131 -6.581716
132 -6.581324
133 -6.580935
134 -6.580550
135 -6.580170
136 -6.579795
137 -6.579426
138 -6.579063
139 -6.578706
140 -6.578357
141 -6.578016
142 -6.577683
143 -6.577359
144 -6.577043
145 -6.576737
146 -6.576441
147 -6.576154
148 -6.575877
149 -6.575609
150 -6.575352
151 -6.575103
152 -6.574865
153 -6.574635
154 -6.574416
155 -6.574206
156 -6.574005
157 -6.573814
158 -6.573633
159 -6.573461
160 -6.573300
161 -6.573149
162 -6.573009
163 -6.572879
164 -6.572759
165 -6.572649
166 -6.572550
167 -6.572459
168 -6.572378
169 -6.572305
170 -6.572239
171 -6.572179
172 -6.572125
173 -6.572076
174 -6.572030
175 -6.571987
176 -6.571944
177 -6.571902
178 -6.571858
179 -6.571812
180 -6.571763
181 -6.571708
182 -6.571648
183 -6.571580
184 -6.571504
185 -6.571418
186 -6.571321
187 -6.571213
188 -6.571090
189 -6.570954
190 -6.570802
191 -6.570632
192 -6.570445
193 -6.570239
194 -6.570012
195 -6.569764
196 -6.569494
197 -6.569199
198 -6.568881
199 -6.568536
200 -6.568165
0 -6.163327
1 -6.163245
2 -6.163097
3 -6.162884
4 -6.162607
5 -6.162267
6 -6.161864
7 -6.161400
8 -6.160877
9 -6.160295
10 -6.159657
11 -6.158963
12 -6.158216
13 -6.157418
14 -6.156570
15 -6.155675
16 -6.154735
17 -6.153752
18 -6.152729
19 -6.151666
20 -6.150568
21 -6.149435
22 -6.148271
23 -6.147076
24 -6.145854
25 -6.144606
26 -6.143335
27 -6.142042
28 -6.140729
29 -6.139399
30 -6.138053
31 -6.136694
32 -6.135323
33 -6.133942
34 -6.132554
35 -6.131159
36 -6.129761
37 -6.128361
38 -6.126962
39 -6.125565
40 -6.124173
41 -6.122787
42 -6.121409
43 -6.120041
44 -6.118686
45 -6.117343
46 -6.116015
47 -6.114704
48 -6.113409
49 -6.112133
50 -6.110877
51 -6.109641
52 -6.108425
53 -6.107232
54 -6.106061
55 -6.104913
56 -6.103789
57 -6.102689
58 -6.101613
59 -6.100562
60 -6.099536
61 -6.098536
62 -6.097560
63 -6.096610
64 -6.095685
65 -6.094786
66 -6.093912
67 -6.093062
68 -6.092237
69 -6.091435
70 -6.090656
71 -6.089900
72 -6.089165
73 -6.088450
74 -6.087754
75 -6.087075
76 -6.086412
77 -6.085764
78 -6.085129
79 -6.084505
80 -6.083890
81 -6.083284
82 -6.082683
83 -6.082088
84 -6.081497
85 -6.080908
86 -6.080320
87 -6.079733
88 -6.079146
89 -6.078558
90 -6.077968
91 -6.077376
92 -6.076781
93 -6.076184
94 -6.075584
95 -6.074981
96 -6.074375
97 -6.073766
98 -6.073153
99 -6.072538
100 -6.071920
101 -6.071299
102 -6.070675
103 -6.070049
104 -6.069420
105 -6.068788
106 -6.068155
107 -6.067520
108 -6.066883
109 -6.066245
110 -6.065606
111 -6.064968
112 -6.064329
113 -6.063691
114 -6.063055
115 -6.062422
116 -6.061791
117 -6.061164
118 -6.060541
119 -6.059924
120 -6.059313
121 -6.058709
122 -6.058113
123 -6.057527
124 -6.056950
125 -6.056384
126 -6.055830
127 -6.055290
128 -6.054763
129 -6.054251
130 -6.053755
131 -6.053276
132 -6.052813
133 -6.052369
134 -6.051943
135 -6.051536
136 -6.051148
137 -6.050779
138 -6.050430
139 -6.050100
140 -6.049791
141 -6.049501
142 -6.049231
143 -6.048980
144 -6.048749
145 -6.048537
146 -6.048344
147 -6.048169
148 -6.048013
149 -6.047875
150 -6.047753
151 -6.047649
152 -6.047560
153 -6.047487
154 -6.047428
155 -6.047384
156 -6.047353
157 -6.047335
158 -6.047328
159 -6.047332
160 -6.047345
161 -6.047368
162 -6.047399
163 -6.047436
164 -6.047480
165 -6.047528
166 -6.047580
167 -6.047634
168 -6.047690
169 -6.047745
170 -6.047800
171 -6.047852
172 -6.047900
173 -6.047942
174 -6.047978
175 -6.048005
176 -6.048023
177 -6.048029
178 -6.048023
179 -6.048003
180 -6.047967
181 -6.047915
182 -6.047844
183 -6.047753
184 -6.047642
185 -6.047508
186 -6.047351
187 -6.047169
188 -6.046961
189 -6.046726
190 -6.046462
191 -6.046170
192 -6.045848
193 -6.045494
194 -6.045109
195 -6.044691
196 -6.044240
197 -6.043755
198 -6.043236
199 -6.042683
200 -6.042094
0 -5.598083
1 -5.598185
2 -5.598212
3 -5.598165
4 -5.598043
5 -5.597849
6 -5.597582
7 -5.597244
8 -5.596837
9 -5.596361
10 -5.595820
11 -5.595214
12 -5.594547
13 -5.593820
14 -5.593037
15 -5.592201
16 -5.591314
17 -5.590379
18 -5.589401
19 -5.588382
20 -5.587325
21 -5.586234
22 -5.585112
23 -5.583962
24 -5.582787
25 -5.581590
26 -5.580373
27 -5.579140
28 -5.577893
29 -5.576635
30 -5.575366
31 -5.574091
32 -5.572809
33 -5.571525
34 -5.570239
35 -5.568953
36 -5.567669
37 -5.566388
38 -5.565112
39 -5.563842
40 -5.562579
41 -5.561325
42 -5.560081
43 -5.558848
44 -5.557627
45 -5.556419
46 -5.555225
47 -5.554046
48 -5.552883
49 -5.551736
50 -5.550607
51 -5.549496
52 -5.548404
53 -5.547332
54 -5.546279
55 -5.545247
56 -5.544236
57 -5.543247
58 -5.542280
59 -5.541335
60 -5.540412
61 -5.539513
62 -5.538636
63 -5.537783
64 -5.536954
65 -5.536148
66 -5.535365
67 -5.534606
68 -5.533871
69 -5.533159
70 -5.532471
71 -5.531805
72 -5.531163
73 -5.530543
74 -5.529946
75 -5.529371
76 -5.528818
77 -5.528286
78 -5.527775
79 -5.527284
80 -5.526812
81 -5.526360
82 -5.525926
83 -5.525509
84 -5.525109
85 -5.524724
86 -5.524355
87 -5.523999
88 -5.523656
89 -5.523324
90 -5.523004
91 -5.522694
92 -5.522393
93 -5.522100
94 -5.521815
95 -5.521536
96 -5.521263
97 -5.520996
98 -5.520734
99 -5.520476
100 -5.520223
101 -5.519973
102 -5.519728
103 -5.519486
104 -5.519249
105 -5.519016
106 -5.518787
107 -5.518562
108 -5.518343
109 -5.518130
110 -5.517922
111 -5.517722
112 -5.517529
113 -5.517345
114 -5.517169
115 -5.517003
116 -5.516848
117 -5.516704
118 -5.516571
119 -5.516451
120 -5.516344
121 -5.516251
122 -5.516171
123 -5.516107
124 -5.516057
125 -5.516023
126 -5.516004
127 -5.516001
128 -5.516014
129 -5.516044
130 -5.516089
131 -5.516151
132 -5.516229
133 -5.516323
134 -5.516432
135 -5.516557
136 -5.516698
137 -5.516854
138 -5.517024
139 -5.517208
140 -5.517407
141 -5.517618
142 -5.517843
143 -5.518080
144 -5.518329
145 -5.518589
146 -5.518860
147 -5.519141
148 -5.519432
149 -5.519731
150 -5.520039
151 -5.520354
152 -5.520676
153 -5.521003
154 -5.521336
155 -5.521674
156 -5.522015
157 -5.522358
158 -5.522704
159 -5.523050
160 -5.523397
161 -5.523743
162 -5.524087
163 -5.524429
164 -5.524768
165 -5.525101
166 -5.525430
167 -5.525752
168 -5.526067
169 -5.526374
170 -5.526672
171 -5.526959
172 -5.527236
173 -5.527501
174 -5.527753
175 -5.527991
176 -5.528214
177 -5.528422
178 -5.528614
179 -5.528788
180 -5.528945
181 -5.529083
182 -5.529201
183 -5.529299
184 -5.529377
185 -5.529433
186 -5.529466
187 -5.529477
188 -5.529465
189 -5.529429
190 -5.529368
191 -5.529283
192 -5.529171
193 -5.529034
194 -5.528871
195 -5.528681
196 -5.528464
197 -5.528219
198 -5.527946
199 -5.527646
200 -5.527317
0 -5.022238
1 -5.022384
2 -5.022480
3 -5.022527
4 -5.022526
5 -5.022476
6 -5.022380
7 -5.022237
8 -5.022048
9 -5.021814
10 -5.021535
11 -5.021214
12 -5.020851
13 -5.020447
14 -5.020003
15 -5.019520
16 -5.019000
17 -5.018445
18 -5.017855
19 -5.017232
20 -5.016577
21 -5.015892
22 -5.015179
23 -5.014439
24 -5.013673
25 -5.012883
26 -5.012070
27 -5.011236
28 -5.010383
29 -5.009511
30 -5.008622
31 -5.007717
32 -5.006798
33 -5.005866
34 -5.004923
35 -5.003969
36 -5.003005
37 -5.002034
38 -5.001056
39 -5.000071
40 -4.999083
41 -4.998090
42 -4.997095
43 -4.996099
44 -4.995102
45 -4.994105
46 -4.993110
47 -4.992118
48 -4.991128
49 -4.990143
50 -4.989162
51 -4.988188
52 -4.987220
53 -4.986259
54 -4.985307
55 -4.984363
56 -4.983429
57 -4.982506
58 -4.981593
59 -4.980692
60 -4.979803
61 -4.978927
62 -4.978065
63 -4.977217
64 -4.976384
65 -4.975565
66 -4.974763
67 -4.973977
68 -4.973208
69 -4.972456
70 -4.971721
71 -4.971005
72 -4.970307
73 -4.969628
74 -4.968968
75 -4.968328
76 -4.967707
77 -4.967106
78 -4.966525
79 -4.965965
80 -4.965426
81 -4.964907
82 -4.964410
83 -4.963934
84 -4.963480
85 -4.963047
86 -4.962637
87 -4.962248
88 -4.961882
89 -4.961538
90 -4.961216
91 -4.960917
92 -4.960640
93 -4.960385
94 -4.960152
95 -4.959942
96 -4.959753
97 -4.959586
98 -4.959441
99 -4.959317
100 -4.959214
101 -4.959133
102 -4.959072
103 -4.959031
104 -4.959012
105 -4.959012
106 -4.959033
107 -4.959074
108 -4.959135
109 -4.959216
110 -4.959316
111 -4.959437
112 -4.959577
113 -4.959737
114 -4.959917
115 -4.960116
116 -4.960335
117 -4.960573
118 -4.960830
119 -4.961106
120 -4.961402
121 -4.961716
122 -4.962049
123 -4.962400
124 -4.962769
125 -4.963156
126 -4.963561
127 -4.963983
128 -4.964421
129 -4.964876
130 -4.965347
131 -4.965834
132 -4.966336
133 -4.966853
134 -4.967384
135 -4.967930
136 -4.968488
137 -4.969060
138 -4.969643
139 -4.970239
140 -4.970846
141 -4.971463
142 -4.972090
143 -4.972727
144 -4.973372
145 -4.974026
146 -4.974686
147 -4.975354
148 -4.976027
149 -4.976705
150 -4.977388
151 -4.978074
152 -4.978763
153 -4.979454
154 -4.980146
155 -4.980838
156 -4.981530
157 -4.982220
158 -4.982909
159 -4.983594
160 -4.984275
161 -4.984951
162 -4.985621
163 -4.986285
164 -4.986941
165 -4.987588
166 -4.988227
167 -4.988855
168 -4.989472
169 -4.990077
170 -4.990669
171 -4.991248
172 -4.991812
173 -4.992361
174 -4.992893
175 -4.993409
176 -4.993908
177 -4.994388
178 -4.994849
179 -4.995291
180 -4.995713
181 -4.996114
182 -4.996493
183 -4.996851
184 -4.997187
185 -4.997500
186 -4.997790
187 -4.998056
188 -4.998298
189 -4.998515
190 -4.998708
191 -4.998874
192 -4.999015
193 -4.999130
194 -4.999217
195 -4.999278
196 -4.999312
197 -4.999317
198 -4.999295
199 -4.999245
200 -4.999166
