0 2.093545e+00
1 2.018487e+00
2 1.961585e+00
3 1.911685e+00
4 1.866638e+00
5 1.825076e+00
6 1.786352e+00
7 1.750042e+00
8 1.715849e+00
9 1.683380e+00
10 1.652052e+00
11 1.622382e+00
12 1.593696e+00
13 1.565641e+00
14 1.538229e+00
15 1.512128e+00
16 1.487357e+00
17 1.462322e+00
18 1.438690e+00
19 1.416052e+00
20 1.394462e+00
21 1.373741e+00
22 1.353628e+00
23 1.334358e+00
24 1.315680e+00
25 1.298570e+00
26 1.281220e+00
27 1.264021e+00
28 1.247592e+00
29 1.231419e+00
30 1.216390e+00
31 1.202147e+00
32 1.188523e+00
33 1.174325e+00
34 1.160637e+00
35 1.147209e+00
36 1.134179e+00
37 1.121341e+00
38 1.108352e+00
39 1.095765e+00
40 1.083228e+00
41 1.070525e+00
42 1.058461e+00
43 1.047095e+00
44 1.036624e+00
45 1.027174e+00
46 1.018403e+00
47 1.008811e+00
48 1.000411e+00
49 9.910492e-01
50 9.811685e-01
51 9.714324e-01
52 9.626504e-01
53 9.543112e-01
54 9.460065e-01
55 9.374034e-01
56 9.294558e-01
57 9.214825e-01
58 9.136581e-01
59 9.067414e-01
60 8.996363e-01
61 8.926190e-01
62 8.859021e-01
63 8.777411e-01
64 8.702004e-01
65 8.638517e-01
66 8.570607e-01
67 8.501601e-01
68 8.441395e-01
69 8.381259e-01
70 8.323103e-01
71 8.270521e-01
72 8.214572e-01
73 8.148970e-01
74 8.094421e-01
75 8.041283e-01
76 7.988651e-01
77 7.939233e-01
78 7.886400e-01
79 7.837447e-01
80 7.789589e-01
81 7.746034e-01
82 7.713684e-01
83 7.682968e-01
84 7.655032e-01
85 7.631119e-01
86 7.608727e-01
87 7.590162e-01
88 7.574603e-01
89 7.552545e-01
90 7.535187e-01
91 7.522037e-01
92 7.499938e-01
93 7.489275e-01
94 7.479202e-01
95 7.479097e-01
96 7.473185e-01
97 7.473191e-01
98 7.478396e-01
99 7.491437e-01
100 7.504173e-01
101 7.520133e-01
102 7.535188e-01
103 7.544504e-01
104 7.554487e-01
105 7.560552e-01
106 7.568633e-01
107 7.586083e-01
108 7.605451e-01
109 7.623961e-01
110 7.633090e-01
111 7.654903e-01
112 7.671252e-01
113 7.696121e-01
114 7.726282e-01
115 7.760059e-01
116 7.795928e-01
117 7.820574e-01
118 7.850063e-01
119 7.885232e-01
120 7.924359e-01
121 7.972581e-01
122 8.021298e-01
123 8.068218e-01
124 8.110231e-01
125 8.146989e-01
126 8.178378e-01
127 8.216472e-01
128 8.262898e-01
129 8.303958e-01
130 8.345752e-01
131 8.388867e-01
132 8.433087e-01
133 8.475439e-01
134 8.520713e-01
135 8.563655e-01
136 8.608273e-01
137 8.650799e-01
138 8.690839e-01
139 8.728523e-01
140 8.763810e-01
141 8.797956e-01
142 8.827585e-01
143 8.851322e-01
144 8.881593e-01
145 8.913311e-01
146 8.942655e-01
147 8.977787e-01
148 9.016958e-01
149 9.064548e-01
150 9.118495e-01
151 9.178048e-01
152 9.239068e-01
153 9.304774e-01
154 9.368010e-01
155 9.431886e-01
156 9.499553e-01
157 9.564321e-01
158 9.632831e-01
159 9.705156e-01
160 9.781532e-01
161 9.847505e-01
162 9.916678e-01
163 9.992240e-01
164 1.006140e+00
165 1.013223e+00
166 1.020446e+00
167 1.027729e+00
168 1.035739e+00
169 1.043354e+00
170 1.050604e+00
171 1.058128e+00
172 1.065359e+00
173 1.073059e+00
174 1.080912e+00
175 1.088668e+00
176 1.096535e+00
177 1.103485e+00
178 1.110443e+00
179 1.117147e+00
180 1.122565e+00
181 1.127887e+00
182 1.133429e+00
183 1.139371e+00
184 1.144289e+00
185 1.149607e+00
186 1.154429e+00
187 1.159140e+00
188 1.163532e+00
189 1.167509e+00
190 1.170763e+00
191 1.173259e+00
192 1.175103e+00
193 1.176632e+00
194 1.177274e+00
195 1.178024e+00
196 1.178169e+00
197 1.178521e+00
198 1.178163e+00
199 1.177527e+00
200 1.175658e+00
